
0.31000000000000000000 -37.63050297
0.32000000000000000000 -37.95049658
0.33000000000000000000 -38.22228605
0.34000000000000000000 -38.45102031
0.35000000000000000000 -38.64287206
0.36000000000000000000 -38.80274350
0.37000000000000000000 -38.93400728
0.38000000000000000000 -39.04144271
0.39000000000000000000 -39.12746783
0.40000000000000000000 -39.19573211
0.41000000000000000000 -39.25015024
0.42000000000000000000 -39.29197630
0.43000000000000000000 -39.32396585
0.44000000000000000000 -39.34883686
0.45000000000000000000 -39.36658248
0.46000000000000000000 -39.37943034
0.47000000000000000000 -39.38755355
0.48000000000000000000 -39.39359447
0.49000000000000000000 -39.39812126
0.50000000000000000000 -39.39982840
0.51000000000000000000 -39.39901356
0.52000000000000000000 -39.39668641
0.53000000000000000000 -39.39375037
0.54000000000000000000 -39.39176268
0.55000000000000000000 -39.39054563
0.56000000000000000000 -39.39071358
0.57000000000000000000 -39.39146998
0.58000000000000000000 -39.39158385
0.59000000000000000000 -39.39110220
0.60000000000000000000 -39.39036151
0.61000000000000000000 -39.39021578
0.62000000000000000000 -39.39085370
0.63000000000000000000 -39.39243638
0.64000000000000000000 -39.39336960
0.65000000000000000000 -39.39531524
0.66000000000000000000 -39.39730542
0.67000000000000000000 -39.39954778
0.68000000000000000000 -39.40159342
0.69000000000000000000 -39.40324622
0.70000000000000000000 -39.40468348
